36120
33954
42171
51753
57184
18645
34135
5972
6014
50924
23241
64129
34298
45176
65303
52421
49303
32919
32024
48265
44102
47681
51364
42982
1388
35639
9828
39587
31828
29654
62064
2412
63608
38700
54165
55257
57345
22765
61229
63359
8153
18934
61952
42451
64110
61720
29336
47877
29103
61360
30607
7670
43505
16435
50652
44893
52074
60480
18944
18367
24598
15473
20779
22670
54173
9409
12391
45982
32174
8085
43806
40327
27019
40222
17242
25594
36406
46578
7935
65510
42402
38542
7644
20371
54977
58296
65265
41516
53240
18673
59883
12302
34146
15126
34972
22783
24535
47364
3230
56709
55449
47036
31500
16932
21722
48742
42526
58129
29784
50462
58103
6650
23468
211
27022
12910
58507
26751
54426
46211
45424
48773
58513
14035
63899
27949
36818
22899
9777
40048
14072
65226
21548
45573
16623
43271
28779
59149
35864
58564
44075
28431
65214
2008
28642
26700
14918
21613
53451
3808
2288
33340
52581
60801
47375
50944
23214
18657
8307
32992
58706
22380
32682
14718
2417
49305
57989
31196
42919
28317
24224
21458
56748
23903
23466
19854
50603
38384
41467
38519
42192
43755
6323
29237
39020
53698
14646
62235
6819
22953
29691
65525
45333
62373
14708
47750
46143
7161
13411
23526
35479
37635
44984
26691
61538
2915
46546
46606
41299
22477
19589
17956
697
25912
47193
39717
14074
61839
36416
20893
19257
571
20883
64590
62945
35591
46805
43552
42752
60216
1542
12695
32315
46526
39387
28318
49441
20397
9388
25205
42874
28977
43161
43571
54889
24818
17753
3427
21122
54169
24320
40379
54741
45203
39433
52150
15258
20702
30166
58011
15382
31708
5170
47698
12698
44557
10480
62140
64954
19868
21809
42293
48845
64970
20328
38198
24252
38081
41625
45374
26715
409
20217
15920
45613
59651
2534
60871
14817
32700
53346
30200
64408
58517
12362
11570
37538
22842
8174
36957
42710
29983
13714
26019
29417
34042
64217
53670
6588
40306
33508
33303
40715
53726
49223
20792
47841
51757
16128
62658
18921
3938
27322
17793
62455
39684
29363
34458
62526
37538
5879
39700
1985
19593
183
31403
53635
64400
19537
60223
39170
53045
27990
14350
41235
11677
35142
23540
63434
51270
20663
16819
55209
47985
34612
52128
22134
63976
21050
19124
35978
26929
58825
37963
46522
59008
3830
34622
57873
23367
29309
31507
10877
57300
45857
52112
3441
15464
10117
1340
1198
30780
18159
56407
13229
52772
43000
35363
51212
64050
54488
21654
25444
47777
59617
6430
41249
63448
41052
33586
21279
4826
65094
32156
62126
45415
18733
31
60879
28850
1371
62078
59630
19531
52949
7323
6767
30413
42687
57979
28928
31639
14097
54372
13880
8178
60802
55129
6090
36319
23180
27370
41145
22738
59526
37735
2617
12723
37766
63497
41573
39138
60039
35667
58669
47452
42991
65436
12330
20142
57879
41258
51781
6440
30094
125
14618
25360
55254
20709
61679
12898
48079
37288
35636
42069
9487
38254
54793
47254
36215
30830
20856
30718
962
13989
12634
43953
13889
24964
64095
6232
686
50340
12672
30780
50465
27290
56141
40183
47999
52284
53082
30542
24037
23182
7076
33524
61436
61869
15242
32115
27163
36098
62833
28125
50087
9932
6542
63976
34896
5101
4672
35583
55441
17344
827
40370
44635
56968
15018
27098
43717
2564
57641
2218
25746
64717
35742
21647
61050
50985
53762
22677
21547
51060
50803
6099
60992
57345
4539
30352
62447
9212
399
52352
26556
1227
27187
5655
58195
42205
32754
36376
44769
24859
38594
4979
24040
8801
26626
19554
59786
14853
42231
15797
377
27498
21896
61369
19308
26436
26185
16219
35648
26585
3035
62204
27812
30222
2324
20471
6891
35078
56848
51660
59937
29906
56640
18441
38707
17730
37995
32957
32583
14690
48755
32960
42189
5115
28793
61497
31551
54979
12180
1663
16028
15215
63868
43840
45438
656
64311
52329
35734
55623
38454
30135
19994
29558
48576
58701
47288
21035
26123
14336
35725
9342
47296
12378
14457
10554
8339
46009
65533
20519
47672
16025
35735
46004
59865
15637
46660
58640
2430
16858
48728
40884
46993
3186
4906
30033
61887
52195
51068
22474
995
21258
31816
48291
33636
46274
58845
41976
26747
58842
62495
8883
9331
32694
54888
3660
48331
36012
62301
50762
52871
45493
26110
34328
48679
31017
64362
45030
17676
49894
1969
18671
5616
33785
1426
39253
14523
60272
15693
41270
53578
12652
50154
62910
45347
39506
1034
28142
9982
63335
13368
62853
43292
39479
31646
26435
4960
30472
5930
22636
14830
7899
41307
20447
41684
42733
59700
56208
37469
9857
31942
25512
22509
16560
22886
2320
56066
23920
30463
513
21720
43831
63366
65012
17774
29476
25912
22734
59948
31842
45370
9243
39741
21141
29690
15889
63875
23854
6561
35808
33711
38504
61320
56220
55064
18670
58541
45595
42591
23468
46108
64311
1763
43938
63787
19538
7879
24163
42272
2291
56005
22107
11534
30210
43248
41224
46100
41587
65078
52661
11860
33253
25629
7644
23938
15158
26315
16943
60753
3370
40411
41325
2145
42174
19727
396
61712
27606
24560
38449
29898
15029
60556
41432
45240
38268
17121
25804
14320
16663
12929
26180
49917
38559
33824
8319
53717
60139
25262
48934
63509
137
24723
118
42311
44450
515
38488
6521
25075
11401
36419
40104
6421
12315
19808
44689
29436
45612
59009
46100
58542
19653
30481
31565
53478
38800
19746
48081
64062
3144
46055
64199
27867
46173
40974
6781
46688
13926
13302
6227
25327
49721
46332
31748
62037
604
10902
25937
46217
4375
6501
39223
24029
36982
5252
11971
10246
24998
60052
8772
28142
40571
7435
56009
21209
48410
62790
2361
62336
10557
8589
22128
60278
54921
53876
56779
55525
64778
17181
36206
3618
23682
9893
27647
60665
15145
39618
5375
40143
34134
14148
2749
9170
21583
58758
30379
4457
56013
32740
1258
1034
41329
23386
61312
30714
11726
52556
20704
10969
4201
56910
14587
27883
1268
42234
23012
16413
16316
28388
56557
50450
42536
59306
59620
64119
52529
24463
3041
43006
57204
4299
44040
32997
27685
39816
63712
39411
26836
18880
50380
31037
10254
64967
58921
11522
41665
16397
27936
57981
44785
18957
42896
21785
12727
36980
20369
65256
61444
23410
42726
53112
27709
21230
20573
55394
61047
18749
29269
22347
37629
14114
53385
47884
